0 329 358 948 241 778 103 718 204 114 
329 0 981 614 80 313 19 87 410 539 
358 981 0 277 834 427 100 265 535 818 
948 614 277 0 802 132 34 565 375 91 
241 80 834 802 0 150 224 121 881 879 
778 313 427 132 150 0 240 466 587 154 
103 19 100 34 224 240 0 990 98 1000 
718 87 265 565 121 466 990 0 833 384 
204 410 535 375 881 587 98 833 0 845 
114 539 818 91 879 154 1000 384 845 0 
