0 4886 3635 2763 5266 3840 6731 4223 2986 8571 
4886 0 3555 8981 7726 4041 7116 2701 2271 4951 
3635 3555 0 169 5813 7148 3570 2560 6898 8612 
2763 8981 169 0 472 4641 2948 5613 7216 4996 
5266 7726 5813 472 0 2893 8984 6664 3508 6807 
3840 4041 7148 4641 2893 0 3981 5081 1726 2477 
6731 7116 3570 2948 8984 3981 0 1746 7391 1641 
4223 2701 2560 5613 6664 5081 1746 0 4066 7988 
2986 2271 6898 7216 3508 1726 7391 4066 0 1177 
8571 4951 8612 4996 6807 2477 1641 7988 1177 0 
